9.059906005859375e-06
1.6689300537109375e-05
1.3113021850585938e-05
1.2159347534179688e-05
1.1682510375976562e-05
1.2159347534179688e-05
1.0967254638671875e-05
1.1205673217773438e-05
1.1205673217773438e-05
1.0967254638671875e-05
1.0967254638671875e-05
1.1682510375976562e-05
1.0967254638671875e-05
1.0967254638671875e-05
1.0967254638671875e-05
1.1205673217773438e-05
1.0013580322265625e-05
1.1205673217773438e-05
2.1219253540039062e-05
1.3113021850585938e-05
1.2159347534179688e-05
1.1920928955078125e-05
1.0967254638671875e-05
1.0013580322265625e-05
1.0013580322265625e-05
9.775161743164062e-06
9.775161743164062e-06
1.0013580322265625e-05
1.0013580322265625e-05
1.0013580322265625e-05
1.0013580322265625e-05
1.0251998901367188e-05
1.0013580322265625e-05
9.059906005859375e-06
1.0013580322265625e-05
9.298324584960938e-06
9.059906005859375e-06
9.059906005859375e-06
1.0013580322265625e-05
1.0013580322265625e-05
1.0013580322265625e-05
1.0013580322265625e-05
9.775161743164062e-06
1.0013580322265625e-05
1.0251998901367188e-05
1.0251998901367188e-05
9.059906005859375e-06
1.0013580322265625e-05
9.059906005859375e-06
9.059906005859375e-06
9.059906005859375e-06
9.059906005859375e-06
1.0013580322265625e-05
9.775161743164062e-06
1.0013580322265625e-05
1.0013580322265625e-05
9.059906005859375e-06
1.0013580322265625e-05
1.0013580322265625e-05
1.0013580322265625e-05
8.821487426757812e-06
1.0013580322265625e-05
9.059906005859375e-06
9.059906005859375e-06
8.821487426757812e-06
1.0013580322265625e-05
8.821487426757812e-06
1.0013580322265625e-05
1.0251998901367188e-05
1.0013580322265625e-05
1.0013580322265625e-05
1.0013580322265625e-05
1.0013580322265625e-05
1.0013580322265625e-05
8.821487426757812e-06
9.059906005859375e-06
8.821487426757812e-06
8.106231689453125e-06
8.821487426757812e-06
9.059906005859375e-06
8.821487426757812e-06
7.867813110351562e-06
9.059906005859375e-06
8.821487426757812e-06
9.059906005859375e-06
9.059906005859375e-06
8.821487426757812e-06
8.106231689453125e-06
8.821487426757812e-06
9.298324584960938e-06
8.821487426757812e-06
9.059906005859375e-06
7.867813110351562e-06
7.867813110351562e-06
8.821487426757812e-06
8.106231689453125e-06
8.821487426757812e-06
9.059906005859375e-06
8.821487426757812e-06
9.059906005859375e-06
8.821487426757812e-06
