5967303433854857
6515837593649684
7950538261792961
7362826784001944
3046947894218775
7836003519795688
9611228538012055
3209144208867445
7551102024343683
310941659907643
2609581030569321
2763346354880865
1704306688104815
1040586264802120
3033544039764725
3108340047828183
4208186985668542
8040535947690231
2552806740490494
8803395488736116
6910920139735358
945831741192148
846603418148131
6998693577821594
2526735383107057
9479448195117526
8691121380176170
2936758998981826
4070195761228064
5149208128657779
7945439377288637
2328784423929209
9932711311640643
7240384207427350
6810117125198893
8430751920635905
1758026503053313
3832715600013429
3799862628687780
3674942612700776
1438751264980038
7035453864755011
2802548749746099
374113662040620
1327243466306938
6715695728925883
4355330836867950
3322483915128525
1812865745840999
5782600517810835
803018662756915
2085310714880513
2810757406733216
9432644168330692
8826844962368491
2636420387078561
1053116306165442
9480275879075339
5511956724513120
8862099845520891
246869054396362
8080085013326484
4461049009632871
8512842577892825
8402270015278744
5815212233470398
3617441583934006
1509431933223113
5206892538488215
5723105911859723
6915327458703917
1038410086285970
9029617981483080
1805541795673143
776195668240401
3300506585740263
8846653871231031
6152639361332268
6948668187379335
314198815560586
2375306069221835
3001902572266753
7487600610166219
7847804438864939
1321789269274287
8471137372349435
1009378160177353
2498494512263195
2910680009769241
944570072989481
4114267466620680
944067293105843
4766714527704395
2812735122800643
2287612427007318
3215823665791997
1225214395428058
4269423414275855
9270228735119352
5757635056827343
252906945226814
3387214594723340
7081118366882088
8889248576106493
1557615983340407
740068261784005
8286736224553309
9322805467988341
4837099054767880
5581243540180546
5876687897844248
9077213390652907
9893221453711055
4251891778989874
8853446212295947
1041840235664730
574771365203229
5518342254282616
5149487738587892
12709743908400
3530004517702939
8617918577391526
8101526081623937
9117422388512291
5010149434610262
8897410640609580
3887752509625924
1587438210313423
1569226827113319
4031997545074415
8639461599428735
6290731058446262
2319516749163489
4996677765368326
3495975032595184
6105728910503864
6985733167855438
8733262532440036
4878471972807081
9541786496533031
3774804424380951
7297916318550652
6464799048448499
8917689505072395
7800985416657006
5788147543387403
280392796439525
4702119527243075
7390431427541267
913912191156668
9718172298600503
3940384800786455
3341489458386198
3883630140251030
9049165382683969
9566896937054852
5962189570444306
218579316411996
6563018312206041
5727366914033374
22337861792178
4384358822116650
5532039768579667
8547425852712279
5835147314322373
4389688843901837
695495729993761
9497799778223291
7070643484492717
9303481115408921
9392152130822410
5204895085355783
7653775145564650
8455342324497891
2718973302646797
7544764953684787
7163603459466473
2531061319873441
3394285150543004
5850197761534783
5041783298907908
7766427866824121
8413536726215693
5374548046835828
3738556556596170
9040045923449672
6810309702480996
7982673146444786
8140291354994991
3019423812364711
5430238516416072
3692593019380064
9624108058695585
2125638229646946
3336536400499288
8725974101082296
4328362942578078
9972451213316568
7440128518848516
1631800590339814
