6.985664367675781e-05
9.107589721679688e-05
9.083747863769531e-05
8.797645568847656e-05
9.226799011230469e-05
8.392333984375e-05
8.726119995117188e-05
8.988380432128906e-05
8.893013000488281e-05
8.869171142578125e-05
8.988380432128906e-05
8.20159912109375e-05
8.130073547363281e-05
8.606910705566406e-05
8.702278137207031e-05
8.821487426757812e-05
8.606910705566406e-05
8.893013000488281e-05
9.703636169433594e-05
9.298324584960938e-05
8.893013000488281e-05
8.893013000488281e-05
8.487701416015625e-05
7.915496826171875e-05
7.987022399902344e-05
8.082389831542969e-05
7.796287536621094e-05
7.987022399902344e-05
8.106231689453125e-05
8.106231689453125e-05
8.082389831542969e-05
7.772445678710938e-05
7.891654968261719e-05
8.106231689453125e-05
7.987022399902344e-05
7.891654968261719e-05
8.225440979003906e-05
7.987022399902344e-05
7.724761962890625e-05
7.891654968261719e-05
7.510185241699219e-05
8.0108642578125e-05
7.891654968261719e-05
7.891654968261719e-05
7.915496826171875e-05
7.605552673339844e-05
7.581710815429688e-05
7.891654968261719e-05
7.796287536621094e-05
7.867813110351562e-05
7.891654968261719e-05
7.510185241699219e-05
7.987022399902344e-05
7.700920104980469e-05
7.987022399902344e-05
8.0108642578125e-05
8.106231689453125e-05
7.867813110351562e-05
8.130073547363281e-05
7.510185241699219e-05
7.319450378417969e-05
8.20159912109375e-05
8.0108642578125e-05
8.082389831542969e-05
7.987022399902344e-05
8.106231689453125e-05
7.915496826171875e-05
7.82012939453125e-05
7.987022399902344e-05
7.772445678710938e-05
7.987022399902344e-05
7.891654968261719e-05
7.867813110351562e-05
7.891654968261719e-05
7.390975952148438e-05
6.914138793945312e-05
7.414817810058594e-05
7.510185241699219e-05
7.176399230957031e-05
6.914138793945312e-05
7.510185241699219e-05
6.604194641113281e-05
7.295608520507812e-05
7.224082946777344e-05
6.818771362304688e-05
7.414817810058594e-05
7.390975952148438e-05
7.200241088867188e-05
7.176399230957031e-05
7.390975952148438e-05
7.295608520507812e-05
7.295608520507812e-05
7.319450378417969e-05
7.295608520507812e-05
7.295608520507812e-05
7.414817810058594e-05
7.510185241699219e-05
7.200241088867188e-05
7.390975952148438e-05
7.200241088867188e-05
7.510185241699219e-05
